Trial [ 1 ,  0 ]:  [2647.0] ms 

Trial [ 1 ,  0 ]:  [2647.0, 5540.0] ms 

Trial [ 1 ,  0 ]:  [2647.0, 5540.0, 9019.0] ms 

Trial [ 1 ,  0 ]:  [2647.0, 5540.0, 9019.0, 11460.0] ms 

Trial [ 1 ,  0 ]:  [2647.0, 5540.0, 9019.0, 11460.0, 14962.0] ms 

Trial [ 1 ,  0 ]:  [2647.0, 5540.0, 9019.0, 11460.0, 14962.0, 18768.0] ms 

Trial [ 1 ,  0 ]:  [2647.0, 5540.0, 9019.0, 11460.0, 14962.0, 18768.0, 21406.0] ms 

Trial [ 1 ,  0 ]:  [2647.0, 5540.0, 9019.0, 11460.0, 14962.0, 18768.0, 21406.0, 23546.0] ms 

Trial [ 1 ,  0 ]:  [2647.0, 5540.0, 9019.0, 11460.0, 14962.0, 18768.0, 21406.0, 23546.0, 26565.0] ms 

Trial [ 1 ,  0 ]:  [2647.0, 5540.0, 9019.0, 11460.0, 14962.0, 18768.0, 21406.0, 23546.0, 26565.0, 30783.0] ms 

Trial [ 2 ,  1 ]:  [2670.0] ms 

Trial [ 2 ,  1 ]:  [2670.0, 5526.0] ms 

Trial [ 2 ,  1 ]:  [2670.0, 5526.0, 9035.0] ms 

Trial [ 2 ,  1 ]:  [2670.0, 5526.0, 9035.0, 11405.0] ms 

Trial [ 2 ,  1 ]:  [2670.0, 5526.0, 9035.0, 11405.0, 14864.0] ms 

Trial [ 2 ,  1 ]:  [2670.0, 5526.0, 9035.0, 11405.0, 14864.0, 18947.0] ms 

Trial [ 2 ,  1 ]:  [2670.0, 5526.0, 9035.0, 11405.0, 14864.0, 18947.0, 21245.0] ms 

Trial [ 2 ,  1 ]:  [2670.0, 5526.0, 9035.0, 11405.0, 14864.0, 18947.0, 21245.0, 23611.0] ms 

Trial [ 2 ,  1 ]:  [2670.0, 5526.0, 9035.0, 11405.0, 14864.0, 18947.0, 21245.0, 23611.0, 26730.0] ms 

Trial [ 2 ,  1 ]:  [2670.0, 5526.0, 9035.0, 11405.0, 14864.0, 18947.0, 21245.0, 23611.0, 26730.0, 30846.0] ms 

Trial [ 3 ,  2 ]:  [2651.0] ms 

Trial [ 3 ,  2 ]:  [2651.0, 5585.0] ms 

Trial [ 3 ,  2 ]:  [2651.0, 5585.0, 9050.0] ms 

Trial [ 3 ,  2 ]:  [2651.0, 5585.0, 9050.0, 11414.0] ms 

Trial [ 3 ,  2 ]:  [2651.0, 5585.0, 9050.0, 11414.0, 14915.0] ms 

Trial [ 3 ,  2 ]:  [2651.0, 5585.0, 9050.0, 11414.0, 14915.0, 18764.0] ms 

Trial [ 3 ,  2 ]:  [2651.0, 5585.0, 9050.0, 11414.0, 14915.0, 18764.0, 21276.0] ms 

Trial [ 3 ,  2 ]:  [2651.0, 5585.0, 9050.0, 11414.0, 14915.0, 18764.0, 21276.0, 23521.0] ms 

Trial [ 3 ,  2 ]:  [2651.0, 5585.0, 9050.0, 11414.0, 14915.0, 18764.0, 21276.0, 23521.0, 26621.0] ms 

Trial [ 3 ,  2 ]:  [2651.0, 5585.0, 9050.0, 11414.0, 14915.0, 18764.0, 21276.0, 23521.0, 26621.0, 30840.0] ms 

Trial [ 4 ,  3 ]:  [2660.0] ms 

Trial [ 4 ,  3 ]:  [2660.0, 5536.0] ms 

Trial [ 4 ,  3 ]:  [2660.0, 5536.0, 9041.0] ms 

Trial [ 4 ,  3 ]:  [2660.0, 5536.0, 9041.0, 11488.0] ms 

Trial [ 4 ,  3 ]:  [2660.0, 5536.0, 9041.0, 11488.0, 14794.0] ms 

Trial [ 4 ,  3 ]:  [2660.0, 5536.0, 9041.0, 11488.0, 14794.0, 19154.0] ms 

Trial [ 4 ,  3 ]:  [2660.0, 5536.0, 9041.0, 11488.0, 14794.0, 19154.0, 21256.0] ms 

Trial [ 4 ,  3 ]:  [2660.0, 5536.0, 9041.0, 11488.0, 14794.0, 19154.0, 21256.0, 23523.0] ms 

Trial [ 4 ,  3 ]:  [2660.0, 5536.0, 9041.0, 11488.0, 14794.0, 19154.0, 21256.0, 23523.0, 26643.0] ms 

Trial [ 4 ,  3 ]:  [2660.0, 5536.0, 9041.0, 11488.0, 14794.0, 19154.0, 21256.0, 23523.0, 26643.0, 30735.0] ms 

Trial [ 5 ,  4 ]:  [2671.0] ms 

Trial [ 5 ,  4 ]:  [2671.0, 5669.0] ms 

Trial [ 5 ,  4 ]:  [2671.0, 5669.0, 9056.0] ms 

Trial [ 5 ,  4 ]:  [2671.0, 5669.0, 9056.0, 11380.0] ms 

Trial [ 5 ,  4 ]:  [2671.0, 5669.0, 9056.0, 11380.0, 14882.0] ms 

Trial [ 5 ,  4 ]:  [2671.0, 5669.0, 9056.0, 11380.0, 14882.0, 18874.0] ms 

Trial [ 5 ,  4 ]:  [2671.0, 5669.0, 9056.0, 11380.0, 14882.0, 18874.0, 21262.0] ms 

Trial [ 5 ,  4 ]:  [2671.0, 5669.0, 9056.0, 11380.0, 14882.0, 18874.0, 21262.0, 23461.0] ms 

Trial [ 5 ,  4 ]:  [2671.0, 5669.0, 9056.0, 11380.0, 14882.0, 18874.0, 21262.0, 23461.0, 26507.0] ms 

Trial [ 5 ,  4 ]:  [2671.0, 5669.0, 9056.0, 11380.0, 14882.0, 18874.0, 21262.0, 23461.0, 26507.0, 30874.0] ms 

 
